[Variables]
t0_x_offset = 0.0
t0_y_offset = 0.0
t0_z_offset = 0.03
t1_x_offset = 0.09687500004002914
t1_y_offset = 1.6718749999608065
t1_z_offset = 0.2083333333505266
t2_x_offset = 0.4359375000795751
t2_y_offset = -0.020312500084315843
t2_z_offset = 0.04166666670506345
t3_x_offset = 0.2687500001180069
t3_y_offset = 0.9874999998620808
t3_z_offset = -0.14041666661096386
t4_x_offset = 0.5562500001562967
t4_y_offset = 0.44062499981933456
t4_z_offset = 0.2695833334060964
t5_x_offset = 0.3609375001941544
t5_y_offset = 0.6765624997785835
t5_z_offset = 0.17458333342352716
tool_current = 2

